Protocol:	iga elisa 27.03.2025 16:54:52
Plate format:	96 Wells

Absorbances     Filter 2: 620nm   Reading 1:  0:00:00

	1	2	3	4	5	6	7	8	9	10	11	12
A	0.045	0.042	0.061	0.059	0.041	0.043	0.040	0.056	0.042	0.038	0.045	0.082
B	0.042	0.045	0.052	0.045	0.037	0.040	0.038	0.049	0.038	0.037	0.047	0.053
C	0.044	0.039	0.041	0.038	0.059	0.075	0.042	0.046	0.043	0.037	0.054	0.053
D	0.039	0.045	0.040	0.038	0.043	0.046	0.038	0.039	0.038	0.036	0.041	0.037
E	0.042	0.042	0.059	0.050	0.041	0.072	0.038	0.045	0.044	0.037	0.041	0.053
F	0.043	0.041	0.044	0.040	0.057	0.052	0.038	0.092	0.055	0.038	0.039	0.051
G	0.040	0.039	0.041	0.038	0.060	0.051	0.072	0.041	0.042	0.037	0.038	0.039
H	0.041	0.043	0.066	0.048	0.040	0.058	0.041	0.091	0.049	0.037	0.037	0.040

