Protocol:	iga elisa 01,04,2025 16:11:46											
Plate format:	96 Wells											
												
Absorbances     Filter 1: 450nm   Reading 1:  0:00:00												
												
	1	2	3	4	5	6	7	8	9	10	11	12
A	0,749	0,586	0,61	0,683	0,672	0,606	0,608	0,656	0,663	0,39	0,748	0,734
B	0,62	0,578	0,485	0,677	0,557	0,554	0,546	0,585	0,644	0,117	0,666	0,641
C	0,642	0,594	0,503	0,594	0,59	0,514	0,479	0,598	0,641	0,601	0,559	0,552
D	0,701	0,719	0,539	0,209	0,209	0,196	0,653	0,521	0,655	0,173	0,458	0,431
E	0,665	0,659	0,514	0,509	0,599	0,578	0,517	0,53	0,65	0,04	0,313	0,23
F	0,52	0,484	0,417	0,652	0,528	0,518	0,636	0,64	0,661	0,041	0,201	0,164
G	0,786	0,715	0,677	0,755	0,671	0,602	0,597	0,788	0,741	0,043	0,128	0,105
H	0,804	0,819	0,68	0,838	0,709	0,741	0,704	0,672	0,817	0,043	0,082	0,066
