Protocol:	iga elisa 27.03.2025 16:54:52
Plate format:	96 Wells

Absorbances     Filter 1: 450nm   Reading 1:  0:00:00

	1	2	3	4	5	6	7	8	9	10	11	12
A	0.701	0.632	0.561	0.493	0.536	0.506	0.461	0.391	0.506	0.058	0.775	0.664
B	0.664	0.577	0.521	0.438	0.438	0.438	0.539	0.501	0.576	0.050	0.626	0.665
C	0.638	0.647	0.579	0.505	0.407	0.405	0.508	0.471	0.541	0.057	0.435	0.558
D	0.720	0.657	0.678	0.568	0.486	0.674	0.373	0.408	0.419	0.048	0.381	0.524
E	0.665	0.613	0.491	0.503	0.526	0.381	0.532	0.522	0.510	0.040	0.272	0.267
F	0.657	0.595	0.562	0.690	0.533	0.592	0.623	0.418	0.540	0.041	0.180	0.156
G	0.425	0.387	0.363	0.538	0.474	0.524	0.500	0.592	0.619	0.040	0.114	0.127
H	0.809	0.723	0.675	0.731	0.710	0.648	0.717	0.545	0.661	0.040	0.079	0.071

