Protocol:	iga elisa 01.04.2025 16:14:40
Plate format:	96 Wells

Absorbances     Filter 1: 450nm   Reading 1:  0:00:00

	1	2	3	4	5	6	7	8	9	10	11	12
A	0.672	0.632	0.575	0.709	0.682	0.724	0.477	0.509	0.544	0.061	0.855	0.782
B	0.657	0.621	0.582	0.517	0.496	0.525	0.511	0.558	0.606	0.050	0.683	0.708
C	0.694	0.628	0.573	0.393	0.359	0.378	0.607	0.626	0.657	0.061	0.576	0.542
D	0.708	0.660	0.628	0.576	0.543	0.552	0.700	0.637	0.634	0.050	0.466	0.421
E	0.607	0.566	0.525	0.586	0.593	0.575	0.535	0.522	0.566	0.042	0.279	0.270
F	0.757	0.724	0.721	0.628	0.574	0.716	0.569	0.633	0.613	0.042	0.186	0.200
G	0.766	0.744	0.687	0.628	0.617	0.686	0.683	0.773	0.735	0.042	0.114	0.114
H	0.747	0.700	0.692	0.743	0.731	0.790	0.731	0.719	0.674	0.044	0.088	0.080

