Protocol:	iga elisa 27.03.2025 16:57:06
Plate format:	96 Wells

Absorbances     Filter 1: 450nm   Reading 1:  0:00:00

	1	2	3	4	5	6	7	8	9	10	11	12
A	0.719	0.645	0.645	0.572	0.588	0.545	0.599	0.624	0.588	0.059	0.585	0.630
B	0.651	0.611	0.558	0.570	0.607	0.573	0.525	0.593	0.642	0.048	0.669	0.722
C	0.614	0.616	0.585	0.571	0.522	0.524	0.541	0.437	0.477	0.061	0.548	0.601
D	0.716	0.323	0.622	0.540	0.532	0.437	0.454	0.521	0.558	0.048	0.462	0.464
E	0.668	0.594	0.605	0.516	0.497	0.494	0.581	0.602	0.433	0.043	0.265	0.312
F	0.677	0.607	0.605	0.489	0.567	0.500	0.523	0.447	0.563	0.041	0.188	0.183
G	0.704	0.597	0.613	0.538	0.538	0.592	0.622	0.624	0.533	0.041	0.105	0.118
H	0.762	0.715	0.739	0.713	0.663	0.590	0.750	0.675	0.759	0.040	0.072	0.077

