Protocol:	iga elisa 21.03.2025 16:39:50
Plate format:	96 Wells

Absorbances     Filter 2: 620nm   Reading 1:  0:00:00

	1	2	3	4	5	6	7	8	9	10	11	12
A	0.040	0.045	0.046	0.039	0.039	0.038	0.042	0.041	0.040	0.037	0.038	0.042
B	0.040	0.046	0.038	0.038	0.038	0.046	0.038	0.040	0.042	0.037	0.038	0.039
C	0.040	0.047	0.038	0.039	0.039	0.037	0.041	0.037	0.038	0.038	0.038	0.040
D	0.042	0.040	0.037	0.037	0.039	0.038	0.042	0.038	0.038	0.037	0.040	0.038
E	0.041	0.045	0.038	0.038	0.038	0.038	0.038	0.038	0.038	0.037	0.038	0.039
F	0.042	0.041	0.042	0.038	0.038	0.047	0.039	0.039	0.041	0.037	0.040	0.041
G	0.042	0.042	0.038	0.039	0.039	0.041	0.039	0.039	0.043	0.038	0.038	0.037
H	0.042	0.053	0.040	0.039	0.041	0.044	0.039	0.038	0.041	0.038	0.038	0.038

