Protocol:	iga elisa 18.03.2025 16:27:14
Plate format:	96 Wells

Absorbances     Filter 2: 620nm   Reading 1:  0:00:00

	1	2	3	4	5	6	7	8	9	10	11	12
A	0.060	0.044	0.046	0.049	0.044	0.042	0.055	0.050	0.047	0.038	0.064	0.049
B	0.052	0.058	0.061	0.060	0.049	0.064	0.037	0.037	0.037	0.037	0.071	0.040
C	0.041	0.062	0.055	0.051	0.051	0.053	0.051	0.058	0.059	0.037	0.061	0.053
D	0.048	0.055	0.053	0.036	0.037	0.036	0.057	0.051	0.051	0.038	0.050	0.051
E	0.060	0.049	0.050	0.047	0.051	0.044	0.052	0.050	0.043	0.037	0.048	0.047
F	0.056	0.051	0.042	0.041	0.046	0.044	0.053	0.052	0.044	0.036	0.047	0.044
G	0.045	0.055	0.055	0.055	0.049	0.057	0.047	0.057	0.061	0.036	0.042	0.041
H	0.047	0.051	0.047	0.050	0.038	0.055	0.053	0.070	0.069	0.037	0.040	0.039

