Protocol:	iga elisa 18.03.2025 16:34:48
Plate format:	96 Wells

Absorbances     Filter 2: 620nm   Reading 1:  0:00:00

	1	2	3	4	5	6	7	8	9	10	11	12
A	0.048	0.041	0.040	0.039	0.039	0.037	0.036	0.037	0.037	0.038	0.040	0.039
B	0.038	0.038	0.041	0.040	0.038	0.039	0.037	0.036	0.037	0.037	0.037	0.038
C	0.038	0.039	0.039	0.041	0.039	0.038	0.036	0.040	0.036	0.037	0.039	0.038
D	0.040	0.037	0.045	0.037	0.039	0.038	0.042	0.036	0.037	0.036	0.039	0.038
E	0.041	0.038	0.038	0.053	0.037	0.038	0.036	0.042	0.036	0.036	0.039	0.039
F	0.039	0.037	0.038	0.038	0.039	0.038	0.037	0.036	0.036	0.036	0.038	0.049
G	0.038	0.040	0.039	0.037	0.040	0.040	0.037	0.037	0.037	0.036	0.040	0.036
H	0.039	0.038	0.040	0.037	0.041	0.041	0.036	0.037	0.037	0.037	0.037	0.037

