Protocol:	iga elisa 01.04.2025 16:11:46
Plate format:	96 Wells

Absorbances     Filter 2: 620nm   Reading 1:  0:00:00

	1	2	3	4	5	6	7	8	9	10	11	12
A	0.041	0.047	0.040	0.039	0.039	0.040	0.039	0.038	0.039	0.038	0.048	0.048
B	0.045	0.038	0.039	0.038	0.056	0.047	0.041	0.042	0.039	0.037	0.038	0.042
C	0.044	0.039	0.040	0.052	0.038	0.059	0.049	0.038	0.040	0.053	0.042	0.040
D	0.053	0.037	0.054	0.041	0.039	0.039	0.053	0.063	0.040	0.041	0.042	0.038
E	0.046	0.038	0.050	0.075	0.042	0.066	0.059	0.061	0.038	0.037	0.040	0.047
F	0.062	0.038	0.049	0.038	0.065	0.080	0.044	0.040	0.039	0.038	0.038	0.038
G	0.042	0.043	0.043	0.038	0.041	0.059	0.072	0.039	0.045	0.037	0.038	0.037
H	0.040	0.039	0.052	0.039	0.058	0.083	0.044	0.069	0.040	0.037	0.038	0.037

