Protocol:	iga elisa 01.04.2025 16:14:40
Plate format:	96 Wells

Absorbances     Filter 2: 620nm   Reading 1:  0:00:00

	1	2	3	4	5	6	7	8	9	10	11	12
A	0.039	0.038	0.038	0.039	0.040	0.038	0.046	0.038	0.037	0.037	0.039	0.040
B	0.038	0.038	0.038	0.038	0.038	0.039	0.053	0.039	0.038	0.036	0.037	0.038
C	0.044	0.039	0.038	0.037	0.037	0.037	0.039	0.042	0.039	0.037	0.038	0.038
D	0.039	0.042	0.038	0.038	0.037	0.039	0.040	0.038	0.039	0.036	0.038	0.039
E	0.039	0.039	0.038	0.039	0.037	0.038	0.038	0.039	0.038	0.037	0.038	0.040
F	0.039	0.038	0.038	0.038	0.043	0.040	0.086	0.039	0.038	0.037	0.038	0.036
G	0.039	0.039	0.038	0.039	0.039	0.039	0.041	0.038	0.038	0.036	0.037	0.039
H	0.039	0.039	0.038	0.039	0.041	0.038	0.038	0.040	0.045	0.037	0.037	0.038

