Protocol:	iga elisa 21.03.2025 16:42:06
Plate format:	96 Wells

Absorbances     Filter 2: 620nm   Reading 1:  0:00:00

	1	2	3	4	5	6	7	8	9	10	11	12
A	0.045	0.038	0.043	0.039	0.045	0.039	0.040	0.042	0.038	0.037	0.038	0.041
B	0.039	0.038	0.043	0.050	0.038	0.041	0.038	0.041	0.040	0.038	0.039	0.041
C	0.049	0.039	0.041	0.039	0.039	0.039	0.040	0.040	0.042	0.038	0.038	0.040
D	0.042	0.044	0.039	0.040	0.040	0.041	0.043	0.039	0.040	0.038	0.038	0.039
E	0.039	0.039	0.040	0.040	0.044	0.039	0.039	0.040	0.040	0.038	0.038	0.043
F	0.040	0.038	0.039	0.040	0.039	0.039	0.038	0.039	0.042	0.038	0.038	0.037
G	0.042	0.041	0.039	0.039	0.039	0.039	0.042	0.042	0.039	0.037	0.039	0.039
H	0.041	0.042	0.039	0.049	0.039	0.041	0.040	0.041	0.041	0.038	0.039	0.040

